1778458302 0012 1105 3 150.00
1778458302 0012 1408 2 71.00
1778458979 0012 1105 4 200.00
1778458979 0012 1509 10 400.00
1778483006 0012 1509 5 200.00
1778483006 0012 1105 4 200.00
1778532859 0012 102 5 15.00 drinks
1778532859 0012 501 2 40.00 Makeup
1778532859 0012 504 1 15.00 Makeup
1778533223 0012 504 1 15.00 Makeup
1778533223 0012 502 2 36.00 Makeup
1778533223 0012 501 2 40.00 Makeup
1778533849 0012 501 2 40.00 Makeup
1778533849 0012 504 1 15.00 Makeup
1778974488 0012 101 5 7.50 drinks
1778976061 0012 101 5 7.50 drinks
1778976725 #251001001 201 4 8.00 soda
1779181663 #251001003 101 5 7.50 drinks
1779181663 #251001003 102 5 15.00 drinks
